13 02 2021 18:25:50
13 02 2021 18:25:51
13 02 2021 18:25:51
13 02 2021 18:25:52
13 02 2021 18:25:52
13 02 2021 18:25:52
13 02 2021 18:25:53
13 02 2021 18:25:53
13 02 2021 18:25:53
13 02 2021 18:25:54
13 02 2021 18:25:54
13 02 2021 18:25:54
13 02 2021 18:25:55
13 02 2021 18:25:55
13 02 2021 18:25:55
13 02 2021 18:25:56
13 02 2021 18:25:56
13 02 2021 18:25:56
13 02 2021 18:25:57
13 02 2021 18:25:57
13 02 2021 18:25:57
13 02 2021 18:25:58
13 02 2021 18:25:58
13 02 2021 18:25:58
13 02 2021 18:25:59
13 02 2021 18:25:59
13 02 2021 18:26:00
13 02 2021 18:26:00
13 02 2021 18:26:00
13 02 2021 18:26:01
13 02 2021 18:26:01
13 02 2021 18:26:01
13 02 2021 18:26:02
13 02 2021 18:26:02
13 02 2021 18:26:02
13 02 2021 18:26:03
13 02 2021 18:26:03
13 02 2021 18:26:03
13 02 2021 18:26:04
13 02 2021 18:26:04
13 02 2021 18:26:04
13 02 2021 18:26:05
13 02 2021 18:26:05
13 02 2021 18:26:05
13 02 2021 18:26:06
13 02 2021 18:26:06
13 02 2021 18:26:06
13 02 2021 18:26:07
13 02 2021 18:26:07
13 02 2021 18:26:08
13 02 2021 18:26:08
13 02 2021 18:26:08
13 02 2021 18:26:09
13 02 2021 18:26:09
13 02 2021 18:26:09
13 02 2021 18:26:10
13 02 2021 18:26:10
13 02 2021 18:26:10
13 02 2021 18:26:11
13 02 2021 18:26:11
13 02 2021 18:26:11
13 02 2021 18:26:12
13 02 2021 18:26:12
13 02 2021 18:26:12
13 02 2021 18:26:13
13 02 2021 18:26:13
13 02 2021 18:26:13
13 02 2021 18:26:14
13 02 2021 18:26:14
13 02 2021 18:26:14
13 02 2021 18:26:15
13 02 2021 18:26:15
13 02 2021 18:26:15
13 02 2021 18:26:16
13 02 2021 18:26:16
13 02 2021 18:26:17
13 02 2021 18:26:17
13 02 2021 18:26:17
13 02 2021 18:26:18
13 02 2021 18:26:18
13 02 2021 18:26:18
13 02 2021 18:26:19
13 02 2021 18:26:19
13 02 2021 18:26:19
13 02 2021 18:26:20
13 02 2021 18:26:20
13 02 2021 18:26:20
13 02 2021 18:26:21
13 02 2021 18:26:21
13 02 2021 18:26:21
13 02 2021 18:26:22
13 02 2021 18:26:22
13 02 2021 18:26:22
13 02 2021 18:26:23
13 02 2021 18:26:23
13 02 2021 18:26:23
13 02 2021 18:26:24
13 02 2021 18:26:24
13 02 2021 18:26:24
13 02 2021 18:26:25
13 02 2021 18:26:25
13 02 2021 18:26:25
13 02 2021 18:26:26
13 02 2021 18:26:26
13 02 2021 18:26:27
13 02 2021 18:26:27
13 02 2021 18:26:27
13 02 2021 18:26:28
13 02 2021 18:26:28
13 02 2021 18:26:28
13 02 2021 18:26:29
13 02 2021 18:26:29
13 02 2021 18:26:29
13 02 2021 18:26:30
13 02 2021 18:26:30
13 02 2021 18:26:30
13 02 2021 18:26:31
13 02 2021 18:26:31
13 02 2021 18:26:31
13 02 2021 18:26:32
13 02 2021 18:26:32
13 02 2021 18:26:32
13 02 2021 18:26:33
13 02 2021 18:26:33
13 02 2021 18:26:33
13 02 2021 18:26:34
13 02 2021 18:26:34
13 02 2021 18:26:34
13 02 2021 18:26:35
13 02 2021 18:26:35
13 02 2021 18:26:35
13 02 2021 18:26:36
13 02 2021 18:26:36
13 02 2021 18:26:36
13 02 2021 18:26:37
13 02 2021 18:26:37
13 02 2021 18:26:38
13 02 2021 18:26:38
13 02 2021 18:26:38
13 02 2021 18:26:39
13 02 2021 18:26:39
13 02 2021 18:26:39
13 02 2021 18:26:40
13 02 2021 18:26:40
13 02 2021 18:26:40
13 02 2021 18:26:41
13 02 2021 18:26:41
13 02 2021 18:26:41
13 02 2021 18:26:42
13 02 2021 18:26:42
13 02 2021 18:26:42
13 02 2021 18:26:43
13 02 2021 18:26:43
13 02 2021 18:26:43
13 02 2021 18:26:44
13 02 2021 18:26:44
13 02 2021 18:26:44
13 02 2021 18:26:45
13 02 2021 18:26:45
13 02 2021 18:26:45
13 02 2021 18:26:46
13 02 2021 18:26:46
13 02 2021 18:26:46
13 02 2021 18:26:47
13 02 2021 18:26:47
13 02 2021 18:26:47
13 02 2021 18:26:48
13 02 2021 18:26:48
13 02 2021 18:26:48
13 02 2021 18:26:49
13 02 2021 18:26:49
13 02 2021 18:26:49
13 02 2021 18:26:50
13 02 2021 18:26:50
13 02 2021 18:26:51
13 02 2021 18:26:51
13 02 2021 18:26:51
13 02 2021 18:26:52
13 02 2021 18:26:52
13 02 2021 18:26:52
13 02 2021 18:26:53
13 02 2021 18:26:53
13 02 2021 18:26:53
13 02 2021 18:26:54
13 02 2021 18:26:54
13 02 2021 18:26:54
13 02 2021 18:26:55
13 02 2021 18:26:55
13 02 2021 18:26:55
13 02 2021 18:26:56
13 02 2021 18:26:56
13 02 2021 18:26:56
13 02 2021 18:26:57
13 02 2021 18:26:57
13 02 2021 18:26:57
13 02 2021 18:26:58
13 02 2021 18:26:58
13 02 2021 18:26:58
13 02 2021 18:26:59
13 02 2021 18:26:59
13 02 2021 18:26:59
13 02 2021 18:27:00
13 02 2021 18:27:00
13 02 2021 18:27:00
13 02 2021 18:27:01
13 02 2021 18:27:01
13 02 2021 18:27:01
13 02 2021 18:27:02
13 02 2021 18:27:02
13 02 2021 18:27:02
13 02 2021 18:27:03
13 02 2021 18:27:03
13 02 2021 18:27:03
13 02 2021 18:27:04
13 02 2021 18:27:04
13 02 2021 18:27:04
13 02 2021 18:27:05
13 02 2021 18:27:05
13 02 2021 18:27:05
13 02 2021 18:27:06
13 02 2021 18:27:06
13 02 2021 18:27:06
13 02 2021 18:27:07
13 02 2021 18:27:07
13 02 2021 18:27:07
13 02 2021 18:27:08
13 02 2021 18:27:08
13 02 2021 18:27:09
13 02 2021 18:27:09
13 02 2021 18:27:09
13 02 2021 18:27:10
13 02 2021 18:27:10
13 02 2021 18:27:10
13 02 2021 18:27:11
13 02 2021 18:27:11
13 02 2021 18:27:11
13 02 2021 18:27:12
13 02 2021 18:27:12
13 02 2021 18:27:12
13 02 2021 18:27:13
13 02 2021 18:27:13
13 02 2021 18:27:13
13 02 2021 18:27:14
13 02 2021 18:27:14
13 02 2021 18:27:14
13 02 2021 18:27:15
13 02 2021 18:27:15
13 02 2021 18:27:15
13 02 2021 18:27:16
13 02 2021 18:27:16
13 02 2021 18:27:16
13 02 2021 18:27:17
13 02 2021 18:27:17
13 02 2021 18:27:17
13 02 2021 18:27:18
13 02 2021 18:27:18
13 02 2021 18:27:18
13 02 2021 18:27:19
13 02 2021 18:27:19
13 02 2021 18:27:19
13 02 2021 18:27:20
13 02 2021 18:27:20
13 02 2021 18:27:20
13 02 2021 18:27:21
13 02 2021 18:27:21
13 02 2021 18:27:21
13 02 2021 18:27:22
13 02 2021 18:27:22
13 02 2021 18:27:22
13 02 2021 18:27:23
13 02 2021 18:27:23
13 02 2021 18:27:23
13 02 2021 18:27:24
13 02 2021 18:27:24
13 02 2021 18:27:24
13 02 2021 18:27:25
13 02 2021 18:27:25
13 02 2021 18:27:25
13 02 2021 18:27:26
13 02 2021 18:27:26
13 02 2021 18:27:26
13 02 2021 18:27:27
13 02 2021 18:27:27
13 02 2021 18:27:27
13 02 2021 18:27:28
13 02 2021 18:27:28
13 02 2021 18:27:29
13 02 2021 18:27:29
13 02 2021 18:27:29
13 02 2021 18:27:30
13 02 2021 18:27:30
13 02 2021 18:27:30
13 02 2021 18:27:31
13 02 2021 18:27:31
13 02 2021 18:27:31
13 02 2021 18:27:32
13 02 2021 18:27:32
13 02 2021 18:27:32
13 02 2021 18:27:33
13 02 2021 18:27:33
13 02 2021 18:27:33
13 02 2021 18:27:34
13 02 2021 18:27:34
13 02 2021 18:27:34
13 02 2021 18:27:35
13 02 2021 18:27:35
13 02 2021 18:27:35
13 02 2021 18:27:36
13 02 2021 18:27:36
13 02 2021 18:27:36
13 02 2021 18:27:37
13 02 2021 18:27:37
13 02 2021 18:27:37
13 02 2021 18:27:38
13 02 2021 18:27:38
13 02 2021 18:27:38
13 02 2021 18:27:39
13 02 2021 18:27:39
13 02 2021 18:27:39
13 02 2021 18:27:40
13 02 2021 18:27:40
13 02 2021 18:27:40
13 02 2021 18:27:41
13 02 2021 18:27:41
13 02 2021 18:27:41
13 02 2021 18:27:42
13 02 2021 18:27:42
13 02 2021 18:27:42
13 02 2021 18:27:43
13 02 2021 18:27:43
13 02 2021 18:27:43
13 02 2021 18:27:44
13 02 2021 18:27:44
13 02 2021 18:27:44
13 02 2021 18:27:45
13 02 2021 18:27:45
13 02 2021 18:27:45
13 02 2021 18:27:46
13 02 2021 18:27:46
13 02 2021 18:27:46
13 02 2021 18:27:47
13 02 2021 18:27:47
13 02 2021 18:27:48
13 02 2021 18:27:48
13 02 2021 18:27:48
13 02 2021 18:27:49
13 02 2021 18:27:49
13 02 2021 18:27:49
13 02 2021 18:27:50
13 02 2021 18:27:50
13 02 2021 18:27:50
13 02 2021 18:27:51
13 02 2021 18:27:51
13 02 2021 18:27:51
13 02 2021 18:27:52
13 02 2021 18:27:52
13 02 2021 18:27:52
13 02 2021 18:27:53
13 02 2021 18:27:53
13 02 2021 18:27:53
13 02 2021 18:27:54
13 02 2021 18:27:54
13 02 2021 18:27:54
13 02 2021 18:27:55
13 02 2021 18:27:55
13 02 2021 18:27:55
13 02 2021 18:27:56
13 02 2021 18:27:56
13 02 2021 18:27:56
13 02 2021 18:27:57
13 02 2021 18:27:57
13 02 2021 18:27:57
13 02 2021 18:27:58
13 02 2021 18:27:58
13 02 2021 18:27:58
13 02 2021 18:27:59
13 02 2021 18:27:59
13 02 2021 18:28:00
13 02 2021 18:28:00
13 02 2021 18:28:00
13 02 2021 18:28:01
13 02 2021 18:28:01
13 02 2021 18:28:01
13 02 2021 18:28:02
13 02 2021 18:28:02
13 02 2021 18:28:02
13 02 2021 18:28:03
13 02 2021 18:28:03
13 02 2021 18:28:03
13 02 2021 18:28:04
13 02 2021 18:28:04
13 02 2021 18:28:04
13 02 2021 18:28:05
13 02 2021 18:28:05
13 02 2021 18:28:05
13 02 2021 18:28:06
13 02 2021 18:28:06
13 02 2021 18:28:06
13 02 2021 18:28:07
13 02 2021 18:28:07
13 02 2021 18:28:07
13 02 2021 18:28:08
13 02 2021 18:28:08
13 02 2021 18:28:08
13 02 2021 18:28:09
13 02 2021 18:28:09
13 02 2021 18:28:09
13 02 2021 18:28:10
13 02 2021 18:28:10
13 02 2021 18:28:10
13 02 2021 18:28:11
13 02 2021 18:28:11
13 02 2021 18:28:11
13 02 2021 18:28:12
13 02 2021 18:28:12
13 02 2021 18:28:13
13 02 2021 18:28:13
13 02 2021 18:28:13
13 02 2021 18:28:14
13 02 2021 18:28:14
13 02 2021 18:28:14
13 02 2021 18:28:15
13 02 2021 18:28:15
13 02 2021 18:28:15
13 02 2021 18:28:16
13 02 2021 18:28:16
13 02 2021 18:28:16
13 02 2021 18:28:17
13 02 2021 18:28:17
13 02 2021 18:28:17
13 02 2021 18:28:18
13 02 2021 18:28:18
13 02 2021 18:28:19
13 02 2021 18:28:19
13 02 2021 18:28:19
13 02 2021 18:28:20
13 02 2021 18:28:20
13 02 2021 18:28:20
13 02 2021 18:28:21
13 02 2021 18:28:21
13 02 2021 18:28:21
13 02 2021 18:28:22
13 02 2021 18:28:22
13 02 2021 18:28:22
13 02 2021 18:28:23
13 02 2021 18:28:23
13 02 2021 18:28:23
13 02 2021 18:28:24
13 02 2021 18:28:24
13 02 2021 18:28:24
13 02 2021 18:28:25
13 02 2021 18:28:25
13 02 2021 18:28:25
13 02 2021 18:28:26
13 02 2021 18:28:26
13 02 2021 18:28:26
13 02 2021 18:28:27
13 02 2021 18:28:27
13 02 2021 18:28:27
13 02 2021 18:28:28
13 02 2021 18:28:28
13 02 2021 18:28:28
13 02 2021 18:28:29
13 02 2021 18:28:29
13 02 2021 18:28:30
13 02 2021 18:28:30
13 02 2021 18:28:30
13 02 2021 18:28:31
13 02 2021 18:28:31
13 02 2021 18:28:31
13 02 2021 18:28:32
13 02 2021 18:28:32
13 02 2021 18:28:32
13 02 2021 18:28:33
13 02 2021 18:28:33
13 02 2021 18:28:33
13 02 2021 18:28:34
13 02 2021 18:28:34
13 02 2021 18:28:34
13 02 2021 18:28:35
13 02 2021 18:28:35
13 02 2021 18:28:35
13 02 2021 18:28:36
13 02 2021 18:28:36
13 02 2021 18:28:36
13 02 2021 18:28:37
13 02 2021 18:28:37
13 02 2021 18:28:38
13 02 2021 18:28:38
13 02 2021 18:28:38
13 02 2021 18:28:39
13 02 2021 18:28:39
13 02 2021 18:28:39
13 02 2021 18:28:40
13 02 2021 18:28:40
13 02 2021 18:28:40
13 02 2021 18:28:41
13 02 2021 18:28:41
13 02 2021 18:28:41
13 02 2021 18:28:42
13 02 2021 18:28:42
13 02 2021 18:28:42
13 02 2021 18:28:43
13 02 2021 18:28:43
13 02 2021 18:28:43
13 02 2021 18:28:44
13 02 2021 18:28:44
13 02 2021 18:28:45
13 02 2021 18:28:45
13 02 2021 18:28:45
13 02 2021 18:28:46
13 02 2021 18:28:46
13 02 2021 18:28:46
13 02 2021 18:28:47
13 02 2021 18:28:47
13 02 2021 18:28:47
13 02 2021 18:28:48
13 02 2021 18:28:48
13 02 2021 18:28:48
13 02 2021 18:28:49
13 02 2021 18:28:49
13 02 2021 18:28:49
13 02 2021 18:28:50
13 02 2021 18:28:50
13 02 2021 18:28:50
13 02 2021 18:28:51
13 02 2021 18:28:51
13 02 2021 18:28:51
13 02 2021 18:28:52
13 02 2021 18:28:52
13 02 2021 18:28:52
13 02 2021 18:28:53
13 02 2021 18:28:53
13 02 2021 18:28:54
13 02 2021 18:28:54
13 02 2021 18:28:54
13 02 2021 18:28:55
13 02 2021 18:28:55
13 02 2021 18:28:55
13 02 2021 18:28:56
13 02 2021 18:28:56
13 02 2021 18:28:57
13 02 2021 18:28:57
13 02 2021 18:28:58
13 02 2021 18:28:58
13 02 2021 18:28:59
13 02 2021 18:28:59
13 02 2021 18:29:00
13 02 2021 18:29:01
13 02 2021 18:29:01
13 02 2021 18:29:01
13 02 2021 18:29:02
13 02 2021 18:29:02
13 02 2021 18:29:02
13 02 2021 18:29:03
13 02 2021 18:29:03
13 02 2021 18:29:03
13 02 2021 18:29:04
13 02 2021 18:29:04
13 02 2021 18:29:04
13 02 2021 18:29:05
13 02 2021 18:29:05
13 02 2021 18:29:05
13 02 2021 18:29:06
13 02 2021 18:29:06
13 02 2021 18:29:06
13 02 2021 18:29:07
13 02 2021 18:29:07
13 02 2021 18:29:07
13 02 2021 18:29:07
13 02 2021 18:29:08
13 02 2021 18:29:08
13 02 2021 18:29:08
13 02 2021 18:29:09
13 02 2021 18:29:09
13 02 2021 18:29:09
13 02 2021 18:29:10
13 02 2021 18:29:10
13 02 2021 18:29:10
13 02 2021 18:29:11
13 02 2021 18:29:11
13 02 2021 18:29:11
13 02 2021 18:29:12
13 02 2021 18:29:12
13 02 2021 18:29:13
13 02 2021 18:29:13
13 02 2021 18:29:13
13 02 2021 18:29:14
13 02 2021 18:29:14
13 02 2021 18:29:14
13 02 2021 18:29:15
13 02 2021 18:29:15
13 02 2021 18:29:15
13 02 2021 18:29:16
13 02 2021 18:29:16
13 02 2021 18:29:16
13 02 2021 18:29:17
13 02 2021 18:29:17
13 02 2021 18:29:17
13 02 2021 18:29:18
13 02 2021 18:29:18
13 02 2021 18:29:18
13 02 2021 18:29:19
13 02 2021 18:29:19
13 02 2021 18:29:19
13 02 2021 18:29:20
13 02 2021 18:29:20
13 02 2021 18:29:20
13 02 2021 18:29:21
13 02 2021 18:29:21
13 02 2021 18:29:21
13 02 2021 18:29:22
13 02 2021 18:29:22
13 02 2021 18:29:22
13 02 2021 18:29:23
13 02 2021 18:29:23
13 02 2021 18:29:24
13 02 2021 18:29:24
13 02 2021 18:29:24
