13 02 2021 16:18:22
13 02 2021 16:18:24
13 02 2021 16:18:24
13 02 2021 16:18:24
13 02 2021 16:18:25
13 02 2021 16:18:25
13 02 2021 16:18:25
13 02 2021 16:18:26
13 02 2021 16:18:26
13 02 2021 16:18:26
13 02 2021 16:18:27
13 02 2021 16:18:27
13 02 2021 16:18:27
13 02 2021 16:18:28
13 02 2021 16:18:28
13 02 2021 16:18:28
13 02 2021 16:18:29
13 02 2021 16:18:29
13 02 2021 16:18:29
13 02 2021 16:18:30
13 02 2021 16:18:30
13 02 2021 16:18:30
13 02 2021 16:18:31
13 02 2021 16:18:31
13 02 2021 16:18:31
13 02 2021 16:18:32
13 02 2021 16:18:32
13 02 2021 16:18:33
13 02 2021 16:18:33
13 02 2021 16:18:33
13 02 2021 16:18:34
