13 02 2021 18:31:21
13 02 2021 18:31:26
13 02 2021 18:31:26
13 02 2021 18:31:26
13 02 2021 18:31:27
13 02 2021 18:31:27
13 02 2021 18:31:27
13 02 2021 18:31:28
13 02 2021 18:31:28
13 02 2021 18:31:28
13 02 2021 18:31:29
13 02 2021 18:31:29
13 02 2021 18:31:30
13 02 2021 18:31:30
13 02 2021 18:31:30
13 02 2021 18:31:31
13 02 2021 18:31:31
13 02 2021 18:31:31
13 02 2021 18:31:32
13 02 2021 18:31:32
13 02 2021 18:31:32
13 02 2021 18:31:33
13 02 2021 18:31:33
13 02 2021 18:31:33
13 02 2021 18:31:34
13 02 2021 18:31:34
13 02 2021 18:31:35
13 02 2021 18:31:35
13 02 2021 18:31:35
13 02 2021 18:31:36
13 02 2021 18:31:36
13 02 2021 18:31:36
13 02 2021 18:31:37
13 02 2021 18:31:37
13 02 2021 18:31:37
13 02 2021 18:31:38
13 02 2021 18:31:38
13 02 2021 18:31:38
13 02 2021 18:31:39
13 02 2021 18:31:39
13 02 2021 18:31:39
13 02 2021 18:31:40
13 02 2021 18:31:40
13 02 2021 18:31:40
13 02 2021 18:31:41
13 02 2021 18:31:41
13 02 2021 18:31:42
13 02 2021 18:31:42
13 02 2021 18:31:42
13 02 2021 18:31:43
13 02 2021 18:31:43
13 02 2021 18:31:43
13 02 2021 18:31:44
13 02 2021 18:31:44
13 02 2021 18:31:44
13 02 2021 18:31:45
13 02 2021 18:31:45
13 02 2021 18:31:45
13 02 2021 18:31:46
13 02 2021 18:31:46
13 02 2021 18:31:47
13 02 2021 18:31:47
13 02 2021 18:31:47
13 02 2021 18:31:48
13 02 2021 18:31:48
13 02 2021 18:31:48
13 02 2021 18:31:49
13 02 2021 18:31:49
13 02 2021 18:31:50
13 02 2021 18:31:50
13 02 2021 18:31:51
13 02 2021 18:31:52
13 02 2021 18:31:53
13 02 2021 18:31:54
13 02 2021 18:31:54
13 02 2021 18:31:55
13 02 2021 18:31:55
13 02 2021 18:31:55
13 02 2021 18:31:56
13 02 2021 18:31:56
13 02 2021 18:31:56
13 02 2021 18:31:57
13 02 2021 18:31:57
13 02 2021 18:31:57
13 02 2021 18:31:58
13 02 2021 18:31:58
13 02 2021 18:31:59
13 02 2021 18:31:59
13 02 2021 18:31:59
13 02 2021 18:32:00
13 02 2021 18:32:00
13 02 2021 18:32:00
13 02 2021 18:32:01
13 02 2021 18:32:01
13 02 2021 18:32:01
13 02 2021 18:32:02
13 02 2021 18:32:02
13 02 2021 18:32:02
13 02 2021 18:32:03
13 02 2021 18:32:03
13 02 2021 18:32:03
13 02 2021 18:32:04
13 02 2021 18:32:04
13 02 2021 18:32:04
13 02 2021 18:32:05
13 02 2021 18:32:05
13 02 2021 18:32:05
13 02 2021 18:32:06
13 02 2021 18:32:06
13 02 2021 18:32:06
13 02 2021 18:32:07
13 02 2021 18:32:07
13 02 2021 18:32:07
13 02 2021 18:32:08
13 02 2021 18:32:08
13 02 2021 18:32:08
13 02 2021 18:32:09
13 02 2021 18:32:09
13 02 2021 18:32:09
13 02 2021 18:32:10
13 02 2021 18:32:10
13 02 2021 18:32:11
13 02 2021 18:32:11
13 02 2021 18:32:11
13 02 2021 18:32:12
13 02 2021 18:32:12
13 02 2021 18:32:12
13 02 2021 18:32:13
13 02 2021 18:32:13
13 02 2021 18:32:13
13 02 2021 18:32:14
13 02 2021 18:32:14
13 02 2021 18:32:14
13 02 2021 18:32:15
13 02 2021 18:32:15
13 02 2021 18:32:16
13 02 2021 18:32:16
13 02 2021 18:32:16
13 02 2021 18:32:17
13 02 2021 18:32:17
13 02 2021 18:32:17
13 02 2021 18:32:18
13 02 2021 18:32:18
Number plate detected: MOSO1926
