14 02 2021 20:07:47
14 02 2021 20:07:48
14 02 2021 20:07:49
14 02 2021 20:07:49
14 02 2021 20:07:49
14 02 2021 20:07:50
14 02 2021 20:07:50
14 02 2021 20:07:50
14 02 2021 20:07:51
14 02 2021 20:07:51
14 02 2021 20:07:51
14 02 2021 20:07:52
14 02 2021 20:07:52
14 02 2021 20:07:52
14 02 2021 20:07:53
14 02 2021 20:07:53
14 02 2021 20:07:53
14 02 2021 20:07:54
14 02 2021 20:07:54
14 02 2021 20:07:54
14 02 2021 20:07:55
14 02 2021 20:07:55
Number plate detected: MS01926
14 02 2021 20:07:56
14 02 2021 20:07:56
14 02 2021 20:07:56
14 02 2021 20:07:57
14 02 2021 20:07:57
14 02 2021 20:07:57
Number plate detected: MS01926
14 02 2021 20:07:58
14 02 2021 20:07:58
14 02 2021 20:07:59
14 02 2021 20:07:59
14 02 2021 20:07:59
14 02 2021 20:08:00
14 02 2021 20:08:00
14 02 2021 20:08:00
Number plate detected: SO1926
14 02 2021 20:08:01
14 02 2021 20:08:01
14 02 2021 20:08:01
14 02 2021 20:08:02
14 02 2021 20:08:02
14 02 2021 20:08:02
14 02 2021 20:08:03
14 02 2021 20:08:03
14 02 2021 20:08:03
14 02 2021 20:08:04
14 02 2021 20:08:04
14 02 2021 20:08:04
14 02 2021 20:08:05
14 02 2021 20:08:05
14 02 2021 20:08:05
14 02 2021 20:08:06
14 02 2021 20:08:06
14 02 2021 20:08:06
14 02 2021 20:08:07
14 02 2021 20:08:07
14 02 2021 20:08:07
14 02 2021 20:08:08
Number plate detected: MSO1926
14 02 2021 20:08:08
14 02 2021 20:08:09
14 02 2021 20:08:09
14 02 2021 20:08:09
Number plate detected: MSO1926
14 02 2021 20:08:10
14 02 2021 20:08:10
14 02 2021 20:08:10
14 02 2021 20:08:11
14 02 2021 20:08:11
14 02 2021 20:08:11
14 02 2021 20:08:12
14 02 2021 20:08:12
14 02 2021 20:08:12
14 02 2021 20:08:13
14 02 2021 20:08:13
14 02 2021 20:08:13
14 02 2021 20:08:14
14 02 2021 20:08:14
